participant: 1 results file 
saved at: Tue Mar 15 11:02:03 2011
question 	 answer 	 time 
1	1	12
2	2	13
3	2	13
4	3	14
5	1	8
6	1	10
7	2	17
8	1	10
9	2	21
10	2	24
11	2	29
12	2	15
13	3	13
14	2	10
15	2	14
16	1	12
17	2	14
18	3	12
19	2	15
20	1	10
21	3	38
22	2	13
23	3	20
24	2	10
25	1	12
26	2	10
27	3	33
28	1	9
29	3	29
30	1	12
31	2	22
32	1	14
33	3	19
34	2	24
35	2	14
36	1	9
37	2	12
38	1	14
39	1	11
40	2	34
41	2	20
42	2	8
43	1	16
44	2	26
45	1	26
46	1	20
47	2	15
48	2	12
49	2	22
50	3	39
51	3	35
52	1	12
53	1	12
54	1	21
55	3	39
56	2	10
57	1	13
58	3	37
59	2	22
60	1	11
