0 1.5749817029661 1.4654559761917 0
1 3.5726733619338 2.1693176315216 0
2 2.1000319970295 2.9903742720752 0
3 2.1810759739533 2.1013379959565 0
4 3.6219545923986 1.9988252219281 0
5 2.4355924798999 3.1237948319882 0
6 2.175182027429 3.1434647723705 0
7 3.7652335348897 1.9990007392192 0
8 2.1500774027802 2.3924514910976 0
9 2.0702802600642 1.1892427904503 0
10 2.9853499716305 1.6056310792698 0
11 3.2992295639749 2.2765233773269 0
12 1.9369390204553 2.3594347610443 0
13 2.3188165832716 2.8633406508571 0
14 2.1106043333184 2.2754978901448 0
15 2.578998357284 2.4941904995966 0
16 2.0243623031651 2.3136524646233 0
17 2.7574894054978 3.4464716821443 0
18 2.624031171887 2.5035652856276 0
19 3.6249758105055 2.4891866486476 0
20 2.4754993592837 2.0772533096677 0
21 2.0206778570045 2.0596214813771 0
22 2.740238644994 2.6041474556659 0
23 3.3518867075629 2.9326199696167 0
24 1.037889638247 3.4290548816514 0
25 3.4262926452712 3.2009374028995 0
26 3.654434779856 1.795795040994 0
27 3.455855384299 2.9849014265887 0
28 2.1729836151777 2.3556960160468 0
29 3.2559564702764 2.1692918478653 0
30 1.5456858600891 3.2822071629688 0
31 2.1629127709421 1.5367283660404 0
32 2.5790876441727 2.0816937139834 0
33 2.2002701152093 3.1376570359375 0
34 1.9724779084841 2.0899115182235 0
35 1.3908044256848 2.6011310975465 0
36 1.6028789398901 1.8557745181194 0
37 1.5773647478253 3.3851045285258 0
38 2.7071372057593 1.864700158186 0
39 1.3881206400769 2.5119183428084 0
40 3.0971765727037 2.1978885211051 0
41 2.7997644363532 2.9806268863207 0
42 2.2667697335243 3.3566871226355 0
43 2.2872506186845 1.6662352161396 0
44 1.4832182260389 3.6582232382465 0
45 2.6746526732115 1.807604589284 0
46 3.147408375155 2.1171521113554 0
47 2.1193178807169 1.4862544730488 0
48 3.224983545483 2.2315316745699 0
49 3.5140689715301 1.7449131151977 0
50 3.2051154161358 2.0996371211352 0
51 2.9892507587493 3.2487145387745 0
52 2.4949110993298 3.4573375809923 0
53 1.0505242322199 3.0689986533215 0
54 2.2166453888132 3.0551349129603 0
55 1.4849877187183 2.1266973816673 0
56 2.4691967452704 3.2509678519667 0
57 3.4564763498307 2.3998141460267 0
58 2.6225452739221 2.4407183542734 0
59 2.4970014792807 3.3345785218613 0
60 2.1798839045578 4.0233956339906 0
61 2.250960904905 3.2062424833407 0
62 2.7971802086874 2.906375727827 0
63 3.6112959558951 3.0037953337877 0
64 1.5441639765803 1.2641370204564 0
65 2.1222763180492 3.096798848938 0
66 1.789997743769 1.2397345514514 0
67 1.9651619447356 2.1933715129815 0
68 2.046174251882 1.2883653803532 0
69 2.0590790394421 2.4782387969449 0
70 3.2283309417158 2.9465761620432 0
71 1.7892367534033 2.2835349113799 0
72 2.3328467350191 2.8619827308646 0
73 3.1201441277874 1.5144568945248 0
74 3.7374702315142 2.8182606711628 0
75 2.6284482335019 3.3891149941203 0
76 1.2529313165707 3.300112351203 0
77 3.1427904077595 2.9479030959893 0
78 1.4427437870221 2.8481372885783 0
79 2.5753441655578 3.4688398778702 0
80 2.0723027408 1.8777165899297 0
81 2.2064223865992 2.0851003394476 0
82 1.8395305616786 1.3472960686725 0
83 3.1846208974704 2.1802297408667 0
84 4.1747121851881 3.1192898479815 0
85 1.5810513398899 2.8406229185341 0
86 2.963275314906 3.4019537647624 0
87 2.3725905913092 1.4408513597976 0
88 2.0002979009053 3.0608169075789 0
89 2.9960401891673 1.4109939736595 0
90 2.6518640565742 1.5351276175364 0
91 2.1428855088405 1.3580573784021 0
92 1.3135841631178 1.4822727015513 0
93 2.328333644214 3.9250345160094 0
94 2.3695209792868 0.86988411981204 0
95 2.260464609312 0.96721814441934 0
96 1.2699023944745 1.9871995898681 0
97 1.0112464802347 3.3425241957346 0
98 1.0501104016696 3.5283532285526 0
99 3.4228683709242 2.5936904335641 0
100 2.1762854331711 1.4252186754319 0
101 1.9746850451562 3.8908446257522 0
102 2.3236149425328 1.0784267451231 0
103 3.0643005844783 2.3869084039158 0
104 2.984108252892 3.5028729255534 0
105 3.1231765324673 3.3810156730308 0
106 2.5677506791076 3.4341535592108 0
107 2.4854223337839 1.3913496506466 0
108 2.3396628925604 1.2878948943729 0
109 3.5997026842672 2.3322845047975 0
110 2.2865899163185 2.4863095524964 0
111 2.4961697668491 0.85233871105556 0
112 1.4398153438557 1.4788396542343 0
113 3.0733820523127 2.4824933859378 0
114 1.3873780847604 2.1514835415208 0
115 3.338922810029 3.773324545716 0
116 1.4999298064227 2.1797532182323 0
117 1.3933769904444 2.2450246574916 0
118 3.7809109916098 3.5563786462427 0
119 1.330475562073 3.1066835577761 0
120 3.1258509039983 3.9184944393937 0
121 1.2330054973552 2.4704427149627 0
122 1.4701142952523 2.0586935168617 0
123 2.584237365303 1.5826171030992 0
124 1.4110351640634 2.1899009645653 0
125 1.4891580667833 2.2611860745966 0
126 2.1512339041179 3.4514162243267 0
127 1.4329823920872 3.4991579069212 0
128 2.72147679416 2.9588720343318 0
129 2.3643109924104 4.0938695570206 0
130 1.5157842249268 2.7312661831021 0
131 1.9089030075785 1.9122557580593 0
132 2.8471061556918 1.3358117430615 0
133 2.0879466649383 2.3348660999002 0
134 1.940936774697 3.5078463329193 0
135 1.0953096682914 1.4872272347019 0
136 2.7712622821786 3.9810861941758 0
137 2.5788343245801 2.6859712114788 0
138 4.1275583791757 2.4983895023898 0
139 1.6594025888631 1.3554305386753 0
140 1.8244418483635 1.4609689711564 0
141 2.6594595081003 2.5624915158674 0
142 2.5826323341477 1.2273029053388 0
143 2.6075700487543 2.6250993830786 0
144 2.909394712101 1.5729107625179 0
145 2.0056396185057 3.1763824333964 0
146 3.2789307560142 3.029988420995 0
