0 1.5817189130695 2.3454055786635 0
1 2.1765364524482 2.1417163003683 0
2 3.3625363234416 1.4889098963383 0
3 3.7163103084906 2.9607890066125 0
4 1.1245687140472 2.5361482190669 0
5 1.5700980865239 2.668111595399 0
6 1.2223654403794 2.8290651151934 0
7 2.1629072317362 1.8670474799098 0
8 2.6020886424402 2.2327898045543 0
9 2.3087686302425 1.4573286702947 0
10 2.5284200591394 1.0950484051053 0
11 3.2428239518388 2.2188923713815 0
12 3.5857942617368 1.5548066023372 0
13 2.1719386067325 2.504737010386 0
14 3.2399950154011 2.8522266818285 0
15 1.8218344652505 2.3467630706501 0
16 3.441777190134 2.6443888215529 0
17 3.9051162436047 2.64434946023 0
18 3.0058498059789 2.4716108247035 0
19 3.4555347369845 3.0094438774203 0
20 2.9228347234049 2.8109928011328 0
21 2.7603960685899 3.8466527763946 0
22 2.1196561591648 2.7480762616393 0
23 2.7031705966511 2.5178722601217 0
24 1.9121599097524 1.4577221352264 0
25 1.877295800896 2.8759792323921 0
26 2.3702129435882 2.960372506068 0
27 1.6436763585288 1.9738319216522 0
28 3.2545171203883 3.3755571492667 0
29 3.7609026600851 3.2707900208427 0
30 3.6349371768145 2.2434043282731 0
31 3.1126609418347 1.55432728861 0
