0 2.9589194245721 3.6490119157261 0.26926767583936
1 2.4999622141346 3.0003698539536 1.0993784219005
2 1.8521243048221 1.4999355407152 0.20034929324206
3 3.6951451211917 2.5320878111828 1.9998129697301
4 2.501376947226 3.4998482630813 0
5 1.9996772437969 2.7495561863346 1.5000933092164
6 2.0000113074745 2.7725038097932 1.0002971089126
7 3.3363292906118 1.8605295396646 1.7490140806834
8 2.9994915284012 3.2260481625122 2.3520782150871
9 2.7546020207416 3.5675588522776 0.3774230781738
10 2.2899737868787 2.7272254124164 0.88672810980298
11 2.0002239262762 2.5851043457354 1.5186442720992
12 1.9031434820524 1.7175313086505 0.37890741545405
13 2.0876576576771 1.6308550977986 0.39496927725633
14 1.7376500754719 3.0000390571746 1.5003899724169
15 2.7719123911643 3.7857648649883 0.2409730104856
16 2.9994811258528 2.3208168637812 2.235889985784
17 3.4995071682351 2.6636720279325 1.9995148018717
18 1.2873707920151 2.5000489233542 1.0000819620506
19 2.9407183315661 3.0950888112086 0
20 1.5000025382194 2.0434392275191 1.0000569673264
21 2.7804003720341 3.448556045618 0.22543472156223
22 3.0000204347764 2.4370708336072 1.4996091709624
23 3.0004710934484 2.4971935903353 2.2493532458499
24 2.1458557223088 2.6026630178305 1.000114196741
25 3.4999475019801 2.5000958818919 1.9396611846288
26 2.3460670088692 1.8726147514076 0
27 3.1329643647256 2.9104652966289 2.0002619557002
28 2.3317087364707 1.726962814228 0.15337964748124
29 2.5196935181939 3.4999313782857 0.42828230897308
30 2.2620735247678 3.0000708776524 1.5009637273146
31 2.0367529979141 2.4999704900933 1.0061526039876
32 1.8931301538843 3.2668402833175 1.9868513674612
33 2.9998126347562 2.5001256857991 1.6572086290979
34 1.5638339688972 1.4066370048716 0.043671241073672
35 1.9177457518803 1.9613899647974 0.5823766846927
36 2.5886765269722 3.3725935839589 0.36192668269319
37 2.8509712384597 2.0000195405478 1.5000877493409
38 2.675047375254 3.5578418319817 0.28200605918023
39 3.0667891042051 3.2042921607783 0
40 2.6238567385336 3.5000978317156 0.5189565624884
41 1.6076007579514 2.8135999251866 1.0153761793295
42 1.825143832515 3.0110225121791 1.9995675545829
43 2.1126412905 2.7456955029525 0.99949441333036
44 2.3393836477206 1.3968308213577 0.50031065089053
45 1.9994496052474 2.9137426104897 1.6221542387526
46 2.786614534229 3.714170088663 0.12227818831842
47 2.1247197753 2.5020851587379 0.49967520372668
48 1.8768749770713 3.5003593172796 2.1828112232575
49 1.9999892725101 2.7839545031525 1.2124835212139
50 1.999493356361 2.7184645884324 1.6603988185147
51 1.2831355373931 2.1014704607887 0.9522998189817
52 2.8255803966017 1.9999595334209 0.99968951948385
53 2.1735513361196 3.0986686056283 1.0001370853405
54 2.4999922160779 2.0001020543631 1.1775206566111
55 3.4930711760678 2.4995807440304 2.1028544934649
56 3.0002912813261 2.0000786034716 1.3780078040938
57 2.135693030532 2.0003247735002 0.49995050362263
58 1.6124246391848 2.3524575559765 0.96476921944174
59 2.1673167899745 1.7544808654114 0.30729712726542
60 2.1332522585336 2.7326228995888 1.2635004577852
61 2.7533297211324 2.9994535372482 2.4994884604935
62 1.4550420813264 2.141498541823 1.3181453800667
63 2.1432192883579 2.6913772616854 0.49951517057556
64 1.4996170498082 2.2750310200065 0.64154522467871
65 4.0005362045202 2.5000112592274 2.1247832307782
66 2.2777307228561 2.5532967539802 0.47939766989825
67 2.7830308627032 2.319817659096 1.3264403002336
68 3.1669804190736 2.5003371806501 1.9318160416784
69 2.5012588485392 2.4955988110361 1.500258489905
70 2.7309833853723 3.3937551080902 0.49349329820219
71 0.99958382081596 1.9999154297628 0.89376532180672
72 4.0002958357001 2.6506813855191 2.0001052533636
73 1.3658338082636 2.9997099170591 0.99279109654774
74 2.5000101770671 2.9996939349539 1.2769851633436
75 3.1010818481208 2.9986240591656 2.5754428124563
76 1.6432077865264 1.2116796571278 0.06147842077193
77 3.0001290507907 1.9997372753129 1.5000902226612
78 2.4998051027784 2.0104800432134 1.708660787729
79 1.931349861147 3.5515353388578 2.0002562361493
80 3.5001119002425 2.377875424946 0.83230977011869
81 3.4999300186913 2.4978701730186 0.99886952638757
82 2.5000449474801 1.0980468816432 0.51727675583189
83 2.8850459444186 3.7567753159723 0.31527803813522
84 3.0560794620569 2.1550759361286 1.6370168681905
85 2.0002475729725 2.0492415469479 1.0004742941126
86 3.2646798430209 2.3345676848082 0.99994159029913
87 2.5585497719939 3.2594718991666 0.51418689130659
88 1.4933878068107 2.9998367387428 0.8330630337009
89 1.4998591734432 3.1030247913361 0.99707201957699
90 2.0000196777504 3.0409959526185 1.9997616043778
91 2.9994785087899 2.6896016063288 1.08251824671
92 3.0000018716748 2.499703437145 0.99992366676808
93 2.9105920256711 3.6613693716544 0.13893166620696
94 3.5002146814127 2.1803996162252 0.81406130760982
95 2.4743160704742 1.8872191607769 0.12427815302871
96 2.5002232083358 1.1516054972667 0.6955608870315
97 3.1286074480159 2.1339829219551 1.9854500868449
98 2.1432619550968 3.1025411722059 1.4999001835683
99 1.7408548586534 3.5006548133165 2.0323964374555
100 4.000009555852 2.4699946810197 1.9379666877689
101 3.0000327104993 2.2481525885937 1.4309004702489
102 1.5856347667936 0.96235088269617 0
103 2.3197039961651 1.8963642042561 1.9904400812235
104 2.1559538904004 2.5003745657258 0.11808733261298
105 2.0003561940723 2.5951004056618 1.6465900705582
106 1.2752200405965 2.0001236094525 1.4998281532016
107 2.9978448738151 2.0003430035882 1.0003271200413
108 2.5002074896416 1.9999097114495 1.3677676164604
109 3.0787326888343 3.0000596978649 1.0000369365069
110 2.9996753453829 2.9033762614416 2.304140424971
111 1.9998724273444 2.6400485388767 1.0000318534242
112 2.3770973902532 3.0005145172693 1.0093407260973
113 1.4997127125786 2.5000607110875 0.62725789299367
