0 3.4835613072102 2.500012986853 1.214685132521
1 1.5624459634378 3.124441701374 0.61486194286535
2 2.5000984671518 2.3597291762308 0.88452848063259
3 1.5405466881732 2.7493858506986 2.0770830272168
4 1.2539409362978 2.9553203169565 0.8545329344104
5 2.4999985155244 1.9561839807785 1.1311200816817
6 2.3443216174023 1.9999985101492 0.88908631109454
7 0.99998590947071 2.9347144597698 0.75285974217846
8 2.8424274363829 3.5000135384213 1.2631289090489
9 3.0000331334203 2.9999603135419 1.5011868305197
10 2.7159596831773 3.7547831726565 0.41255674521829
11 1.683443240558 2.9477270037025 0.78456670148791
12 3.1028485308548 3.6210354010439 1.158088720184
13 2.4832102661438 2.0506390408721 0.92181512976498
14 1.7687817175648 2.619440980683 2.038488084212
15 2.9998676854382 1.5000139710908 1.3657043150204
16 1.8289088813414 2.7239163676658 2.1433089137153
17 2.2874755011919 2.3429547819098 1.2783795348465
18 2.8010260657626 1.4653731301381 1.3852779849683
19 1.6461400193577 3.1676588131216 0.7098479103851
20 2.5000677709527 3.499975406655 1.000005670195
21 3.1600420218101 3.4999578336373 0.99997975505571
22 2.6462614015867 1.500000090983 1.499930691209
23 2.163888193429 1.9999206672886 2.0000085873973
24 2.4999876527816 2.6610335176808 0
25 2.3242532671984 1.6794395447787 1.9999821820236
26 1.499956853526 3.4283127038054 1.0362180660567
27 2.0000715750298 1.7369815219701 1.8425356414296
28 2.9035305960658 3.4999523149579 1.152703432753
29 1.5970505683255 3.0590014517351 0.89618553072704
30 2.2813613577772 1.9999301276514 0.2425964184102
31 2.9999093835504 2.7488639273764 1.3381977646744
32 2.4999724365808 3.4274962610735 1.1229257798737
33 2.2649827748071 2.0640502898382 0.88640715709543
34 3.0990121466748 3.4999009747512 0.88657148798148
35 1.999914970091 3.1266799976417 1.9999584607487
36 3.4653679288787 2.395713777359 1.135119493096
37 2.4999960320927 2.0000621693666 0.19728923607376
38 2.5000566085699 3.3967903024553 0.84658408465638
39 1.9070194081202 2.9728740447955 2.0000928985756
40 1.6341367739691 2.8301962628828 0.98875568463228
41 2.4999551773406 2.0000106754687 1.4754279368707
42 2.1142734019216 1.9463148135037 0.97897683732306
43 3.0000158153072 2.9999950834622 0.85219589759434
44 2.3623871435396 2.0000710356836 0.31583242781825
45 1.2617579492379 2.6555834364837 2.0000009437154
46 1.7968581686094 2.9046497883734 0.91882404054447
47 3.000017036537 2.7881246878382 1.0000151440654
48 1.5880153787735 2.932345304082 0.81356513398167
49 1.4999429689042 3.3333487240085 1.1712582453418
50 1.7752834163008 2.9832018792357 1.0000703792994
51 2.6343036093126 2.0357585667733 1.7475595415693
52 1.9999927524855 1.8659696948717 1.2023004036828
53 2.5000096117176 2.4999880557434 0
54 2.3590368831966 2.1390175140037 0.89069179030634
55 1.9527343133575 2.8046130016788 2.4853839948465
56 2.3401412352588 1.9999829334067 1.2250071447552
57 1.674407494276 3.0552125576715 0.61945163680881
58 2.8394581035099 1.5000317712664 1.4973023470965
59 2.6103742768003 1.6604552650151 0.7086741743433
60 1.7904997292038 1.6936161792022 0.99992953245383
61 2.296094838431 2.1710447753314 1.0000975112609
62 2.4999763706815 1.8347229243139 1.1514379674576
63 1.9999607409639 1.6965219964274 2.0000863403608
64 3.382250870095 2.5000212871095 0.7349120295449
65 2.5014664543364 2.0000639577971 0.54714536991356
66 3.2302405102381 2.4999215307836 1.39732411387
67 3.0033328228113 3.4999177784405 0.97298569104845
68 3.0000336230062 2.8955368212798 1.0000205456953
69 2.0979496889574 2.6669260826758 2.0000767805372
70 2.1909385951507 1.9999965990591 1.7872121960142
71 1.9467976693106 2.8496195360941 2.235680420124
72 2.5000045446468 2.0993868898394 1.160862857847
73 2.5282822971419 3.4999505972011 0.33304659079873
74 1.7806700982859 1.9999450498417 1.7142866555268
75 2.5000170393529 1.6037594409537 0.80485793118066
76 2.4999361315307 2.5000444175472 0.19587844917941
77 1.9790137258685 2.0000080694959 2.0000375573142
78 3.2995962122004 3.9098977944889 1.1939646367072
79 2.5000032595311 1.5512559307378 0.64949763175066
80 3.0962475587136 2.5652510085364 0.99997620155156
81 2.8645076137464 3.288860830629 0.99995520603157
82 2.9999484951774 2.4999882175582 0.99992597202789
83 1.7080337823645 2.892782708446 1.0160021517733
84 1.8552245773724 1.499977616859 2.1443220315495
85 3.2389547855761 3.8842046858398 1.3480391461811
86 2.9566254960369 1.9999969203937 1.9999493247167
87 3.1462563169801 2.2275719679568 1.0000690033613
88 2.6253203956066 1.999918377013 0.81540993213025
89 2.881101445811 3.4999137428693 0.27056058029018
90 1.2007536612694 2.8282074311051 2.0127570399715
91 2.9999927111492 2.7916560999799 1.1416277413778
92 3.4999356114098 2.8574861113881 1.0000275689403
93 1.8461310686233 1.6601680658799 0.86699273854865
94 3.4999898279779 1.9729347861166 0.54228353578363
95 3.5000929893286 1.9003105122089 0.68595091415105
96 1.9996448532907 2.7070639579911 2.8022316825267
97 2.6170393032048 2.7384115887851 0
98 2.5000022395399 2.8002698309425 0
99 1.5000865384607 3.1172839552197 0.71745194739669
100 2.9849207956089 2.9650561335714 1.1713018952063
101 1.6913771543079 2.0000688000941 0.99995196418867
102 3.3926655624713 2.1525037102409 0.6818537547677
103 1.8847762968896 2.6844073333222 0.90398770486216
104 2.8409775002139 2.0000204747354 1.9999933473485
105 2.858466932361 2.1281941899882 2.0000058828241
106 2.00003313158 1.9999674808335 1.2233730747761
107 3.2387543312372 2.5000422642799 0.50865697489538
108 3.0520590752854 2.4999999221354 0.6051737524523
109 1.5254578015883 2.9999800694269 0.62536074752715
110 2.0000575465769 2.4896303007073 2.0000395305898
111 3.5000094193894 2.000080520637 0.40624393433981
112 3.4999198775901 2.5000833550082 1.0451901984786
113 1.628078036462 2.6799427041156 0.73440207647269
114 1.9893125273677 3.0109386016109 2.5519204632469
115 3.024266647883 2.1480848764035 2.0335085349572
116 1.8898791843444 2.9577666948276 2.4999931638758
117 2.0968728011087 2.9999420550274 2.4815885042711
118 2.5000259844785 1.4987311899072 2.0618320618386
119 2.499997494416 2.431735642947 0.41342042858922
120 2.9999779038541 2.0338220691065 2.1531657392189
121 2.0929591081025 3.0000573924572 2.0000333779141
122 2.000050821253 2.8596778743631 2.5976175496808
123 2.6720323297069 3.0425105183641 1.1098962141772
124 2.0979201666215 2.8862214216865 2.500020995085
125 1.9961119278727 3.0000085977749 2.4211682496388
126 2.000755578348 2.4413068379046 0.99999110002948
127 2.383516227392 2.0000597623744 0.17395036848391
128 2.5000842302106 2.154408817559 1.4662690128212
129 1.9219112553824 1.5866517297615 0.99992402653345
130 3.3734790348721 3.7956411787172 1.2970806470094
131 3.2442466627292 2.887027728537 1.1623724321178
132 0.99990688682419 2.958406726906 2.0333551950678
133 2.9712872810701 3.4999105220861 1.2952676969399
134 2.4999679535159 1.9999548865854 0.30090816108177
135 3.8193009422046 3.0000708493166 1.0000013523355
136 2.5000273673803 1.2717150209917 0.4999615325868
137 2.6832974391775 1.7199645533499 1.2782882025316
138 1.499993132567 2.0000115922439 1.655603155254
139 3.4991316766488 2.4999977370631 0.82777346452674
140 3.0642299235966 2.4999584677235 1.4010868029562
141 2.9663207207289 1.5000032129341 1.4789547742062
142 3.4341398060353 2.5121414159317 0.22928802467784
143 2.910268705766 1.4999273238788 1.2942407101776
144 2.7457171198372 3.4999106114596 0.52334173504729
145 2.4105089637899 2.1228924194366 0.60931319479002
146 2.3892009379668 2.0000717440934 1.9999878537667
