0 1.5568545747935 2.3978989171621 0.10552012907346
1 2.1378344783542 1.8781658762435 1.4999629295792
2 3.4831229539224 1.3906517754256 0.5890219187567
3 2.9960785452859 3.492127055853 1.1037705512159
4 1.3827999408733 2.098777524737 0.49990416593813
5 2.0568238370088 1.6061991389054 1.3173389509719
6 2.4973697524036 2.1809006011546 1.4999598237023
7 1.6312199947304 3.5850658726608 0.74534083001078
8 2.8307854144723 3.0990792246864 0.25444430612046
9 1.7418722168654 2.2601964766171 0.33173866286555
10 2.5480988181995 1.9588468749066 1.5030025339237
11 1.8557372600081 1.6633612753174 1.096233059661
12 3.4926602621938 1.5832786673874 0.74163407355086
13 3.6767372764054 1.569701526061 0.81001736303661
14 2.6579875571468 1.7673598929547 1.6617015043256
15 1.6360255631805 2.4341332991275 0.11728015819673
16 2.1113471392535 3.8961604205429 0.99994969603147
17 2.7340615398293 3.6295754000569 0.99996384801995
18 3.0568566142165 1.8767096231722 1.5000567844333
19 1.5488307544467 1.7025259494543 0.42071432778329
20 3.0805214612777 2.4278972355091 1.0180348079867
21 1.4671973424406 1.9205641055335 0.37117071553258
22 1.6330597135913 2.9189853935841 1.0000863270695
23 2.2698504046015 3.9432534082275 0.99997614685102
24 2.599347643785 2.0357218533657 1.5000228100442
25 2.8039112311968 3.4779279180089 1.1755719565396
26 4.0050338011952 1.7555267486209 0.49276001131252
27 2.5156359333141 3.7760162027162 0.99996779055731
28 3.9473788034212 1.7773871144334 0.66560114795675
29 1.8877133316494 2.0313279088184 0.50001318573132
30 2.4927597583952 1.6065123391472 1.1604443091009
31 2.6532116837229 2.2147740193237 1.6480013946529
32 2.3080343024737 1.3598628990941 1.5331516886632
33 2.2390450774089 2.9620771714249 1.0495932912749
34 3.3938342033061 1.1229195697639 0.49999898879336
35 3.4333455927854 1.81884002977 0.88858309025441
36 1.9371404087584 2.1979674786856 0.50008969853821
37 1.772594825594 3.2526166376547 1.2702968686182
38 1.5814848300272 2.1602254122189 0.39321389848089
39 1.6855528719602 1.7413724354328 0.24742366354744
40 1.7553595023526 2.0837958243448 0.53505208229022
41 2.9003451838818 2.0038175765192 0.82302680543489
42 2.5000699810362 1.3398328271281 1.4373098679486
43 2.6959042067952 2.0094099978346 1.5000380087198
44 3.8933603428012 1.4846906863302 0.99869726874572
45 2.2359125513596 1.3632872031476 1.3272801102255
46 1.4152770722487 2.3856022448546 0.20385658890183
47 2.3673936322167 2.4098138746664 1.9926284332653
48 2.217281982127 1.2157190753881 1.7032005765517
49 2.6031280310029 1.8360441868832 1.4999488196723
50 1.8698068713439 1.5929631054094 1.2238476461878
51 3.2892664613817 2.4279599834033 1.0102286651452
52 1.5936483312594 2.6849407035663 1.5000046282947
53 2.2673598135058 1.9671450549364 1.6937480834074
54 2.046417470279 2.8650901257491 1.6484946369466
55 2.7606483218179 3.3739328413742 0.99998101326128
56 1.8673859024212 3.0718481602365 1.2187832547548
57 3.5104072152275 1.9549127686156 0.63460535661619
58 3.0750390893695 1.9441808899452 1.1733020363133
59 3.7274209426399 1.6939924351395 0.68215533804399
60 2.3715300545177 1.6712575673055 1.2705965038488
61 2.570374047658 3.3453179047706 0.21218431368396
62 3.3191626835777 2.3104702675279 1.5000371854429
63 2.2349521486806 2.4670973805037 1.9795230706959
64 3.0228638275212 2.4062690338231 1.4369895474253
65 3.158664084246 3.4369620659649 1.0615251334545
66 2.424536368312 2.5130004803152 2.0000910054155
67 1.9400158809782 2.5420469481037 1.3068818612439
68 2.4572505745456 3.3794279328793 0.99995554567926
69 2.1638924084437 2.6927324817825 1.5000220934926
70 1.8919802123843 2.2701820018922 0.50001896995625
71 3.5096745734319 2.5571852930884 0.88679194673354
72 3.2356240795916 3.4853262364795 1.2646566000921
73 2.9441739853306 2.2037391855704 0.49995526451289
74 2.2224918162064 2.1532847107953 1.1671961643293
75 2.8557317428311 3.3539971344763 0.47555698250207
76 3.216834828915 1.1587483082934 0.39814292264163
77 1.6245071225173 3.1554630440066 1.160914497006
78 1.4039707753212 2.8053166943031 1.0952949425528
79 2.1298460097406 1.3086209754153 1.7734343940961
80 1.1409305831336 2.4167890928796 1.2567135761932
81 1.1134347963848 2.5003393662908 1.0631974211036
82 4.0029320414068 1.4361499100412 1.2656922620548
83 1.4428585928996 2.2484652368647 0.16867364055806
84 1.8750754968044 3.3375550839173 1.0000840268424
85 2.7821882046369 2.4790241037025 1.9999047060959
86 1.4686691091494 2.4188882800065 1.2617906871144
87 1.959903979232 2.0524825865483 0.74406000514859
88 3.0539440477419 2.3318743690876 0.4999920074119
89 2.867372377758 2.3319046239276 0.50008794279438
90 2.4061438799763 1.4102008519982 1.3040345598599
91 1.5543100484591 3.1776576963196 1.5285321462366
92 1.5545032594663 2.990943365717 1.5000740169794
93 1.6604302123181 2.2399979253994 0.11175885395385
94 1.3042455744263 2.2736501135438 1.417007411419
95 3.9887052079324 1.9384938231951 0.50001817489455
96 4.0029798622024 1.2839938384493 1.148872920687
97 2.054218941105 3.5247918393739 0.78139857034519
98 2.2682009340076 1.7256757870087 1.0176415349778
99 2.0075918495703 1.2219546941143 1.5994988317898
100 3.1564931353375 3.6262463508987 1.168765517888
101 2.0715081684176 3.0589594695687 1.0000249091591
102 3.0022991925249 0.99393083894157 0.24229916331768
103 1.0207234612129 2.9572429923987 0.99997775505774
104 2.4187262148955 2.6350728965968 2.3671424517705
105 2.0536821139407 1.7114350217799 1.0906907113709
106 3.5102553564888 2.4199424025007 1.7057947384899
107 1.6391557328812 2.8023820335109 1.6189656294027
108 1.9411084723287 2.7208822113983 1.720064280821
109 1.3008274438823 3.5385789647852 1.6992750631044
110 2.6777630303761 3.3369427165771 0.50008207079447
111 2.563985166407 2.2204988348688 1.3886499514494
112 2.3594550266107 1.9579402981233 1.4355585644482
113 2.971744295416 1.8466404125662 1.2450071635933
