0 1.3507944194082 2.4983795757499 0
1 3.01427749326 3.2319636578542 0
2 1.6921781505201 2.4687100585382 0
3 2.4983909515859 2.4902528289736 0
4 3.1933708091923 0.94175406669447 0
5 1.4656869523773 1.9136922792201 0
6 3.8116169539927 1.9641751890472 0
7 1.1442366410347 1.7295493509384 0
8 3.4297916316225 2.2522616686038 0
9 3.198447376241 1.3106024063309 0
10 4.1320430036044 0.98905513407314 0
11 2.4993480576106 1.8733712208695 0
12 0.99340639615813 1.4894875859434 0
13 3.8924759439874 2.0637567399144 0
14 2.0326526816796 2.409154716266 0
15 1.4207045126498 3.0254948555001 0
16 2.2786037704607 1.6314506468876 0
17 2.0326734826258 1.4925931432289 0
18 3.0901707237679 2.5147985494393 0
19 3.5344367191174 2.5264588120197 0
20 2.6317662509025 1.0096533511809 0
21 2.4904312997046 3.0578719253242 0
22 2.6809161957297 1.996197086863 0
23 4.0779299653773 2.7143521924912 0
24 2.9818486827794 2.7615555478196 0
25 2.9703541682452 3.0542955940358 0
26 4.3225406223484 2.895106562973 0
27 4.0596722275246 0.71253612937253 0
28 2.5749280662508 2.0953524609992 0
29 2.1730929068153 2.7855333435132 0
30 1.5176754400271 2.6179466457494 0
31 1.8798892920964 1.4931750170773 0
32 1.70806547896 1.5035317874163 0
33 2.7699097317901 2.5579789445947 0
34 2.2425226384101 2.2743245553207 0
35 2.3295216541087 1.9962041920187 0
36 3.567113507882 1.9175250656971 0
37 1.7457995537289 3.3754727829987 0
38 2.1443100169784 2.6792698403808 0
39 4.0630782600712 1.4632492796032 0
40 3.0847049713241 2.9747256002308 0
41 2.9998320173579 1.8718827661676 0
42 1.9870940893547 2.1821838207942 0
43 3.7670166943282 2.3852439178333 0
44 1.9299154186883 2.9445575790218 0
45 2.8560198470322 3.4037723949608 0
46 3.3993313570626 1.6917593894479 0
47 2.3734774782882 3.1384743135811 0
48 1.1978647695856 2.8732470215904 0
49 4.1408720264476 3.0146527102012 0
50 4.3547220532648 1.1153407592841 0
51 3.6108930727136 2.7156712915935 0
52 2.4676464032831 2.0651090365869 0
53 2.4993310907813 2.1676273630971 0
54 2.5689288725821 1.9962022176648 0
55 2.4992993601684 1.9647700561079 0
56 2.4032900512526 1.9961249101649 0
57 3.7345522377076 1.5180951599324 0
58 2.8332182582875 1.009012547712 0
59 1.1294512592798 1.9536235429924 0
60 2.5292143028739 1.4680406134794 0
61 1.8479005961346 2.4961924697464 0
62 2.3855197684731 2.9999019173168 0
63 3.2139736848713 1.5144941436018 0
64 3.9680155829764 1.8743161741939 0
65 2.5392038002417 3.4396530459439 0
66 4.1473574230037 1.7858440243123 0
67 4.0881320220023 2.0374843175734 0
68 4.1956166086618 2.0064436060308 0
69 2.609739492369 2.7709937743091 0
70 1.0687282240231 2.498475407472 0
71 2.9997824707235 1.9984621035094 0
72 1.4997640918702 2.3293588766102 0
73 1.0861689518103 2.7364077219497 0
74 3.3469532562296 0.94086159733544 0
75 3.960815617237 2.5375539803944 0
76 4.0341594812426 1.770977333998 0
77 1.9296534945499 1.9135119316036 0
78 3.0345740428159 0.97341864407324 0
79 2.1954733882254 3.144497973922 0
80 2.690593151053 2.1569240258895 0
81 2.7857924060866 0.80124560034643 0
82 2.3679152183334 2.8104380448705 0
83 2.4930537752139 3.2519084493535 0
84 2.462059094101 2.49901095595 0
85 1.2478323926567 3.3426599040971 0
86 4.1509881778491 1.8948746389092 0
87 3.9944262146436 2.0275063810918 0
88 3.5021917445962 0.6853884312157 0
89 3.2751222636344 1.2103044440331 0
90 1.776091116218 1.8431471375929 0
91 3.6254720048372 2.5941468812768 0
92 1.7191337064242 1.9665242468828 0
93 3.8610700033571 1.0324029380691 0
94 2.3242051502569 2.5303634367811 0
