0 3.1556966190833 2.0764864489531 1.0990701487071
1 2.9676292061039 2.5849892366504 1.4220346686021
2 1.1858530497013 2.4404490646358 0.28342964360263
3 1.8282297832685 3.4219828221068 0.81073832515014
4 3.2022215590162 1.6366008905215 0.6943667341999
5 2.889525256281 2.2473729426826 0.77434649325072
6 3.4009750217995 1.9112604992689 0.62209571280768
7 2.7857550085881 2.1194264645004 1.5447839418343
8 2.5963334411983 2.5803542833979 1.3815688604428
9 2.4424313257663 1.8430826308488 1.8929823638844
10 2.0076500010917 1.8982447282825 2.0423504935035
11 1.4036754114378 3.0302610103019 0.46578736128551
12 1.1212253067438 2.7309712908489 0.01066652980356
13 2.6515337771776 2.8340163151301 1.0695808319102
14 1.6033061575955 3.4077923798701 0.60743523386676
15 2.7372720450625 2.4472885399859 1.1514309146186
16 1.9104470414936 2.7855368244714 0.70652248813017
17 1.5994946179786 3.1179935330751 0.79714895907206
18 1.9936367776736 3.0148181542268 0.50000804274655
19 1.8452930363564 3.0236630563748 0.88512759772862
20 2.1568761644221 3.0286206344781 0.85480415812719
21 2.5909488090517 3.5749584677336 0.82328478534693
22 2.4263134578412 2.5725236669039 0.94288237500917
23 2.9895557446362 2.8659527091876 1.4999899287145
24 2.7700958001144 1.6830040354816 1.9984267997564
25 2.4333664716031 2.2786384966807 0.90480479388716
26 2.4758643033635 3.1443254300289 1.3066945354218
27 3.2012829618583 2.2525059187026 1.4995545603878
28 2.1380793485866 3.4016666457167 0.58453340773365
29 1.9259711426238 3.3799157830674 0.42398689657253
30 1.6253883941644 2.7385012521237 0.42580883080758
31 1.3450491403239 2.4007110525937 0
