0 0.52082327613468 2.7406311904832 1.2082887594277
1 1.7442783865444 1.9389580031927 0.6207222557251
2 0.82684520979759 2.4235191398524 1.0000271440341
3 1.522591504304 2.5132384390077 1.0000179447785
4 2.6144837454681 2.5063694781984 1.6453578496929
5 2.2807908556616 1.3466596534853 1.1975480833445
6 2.9952059891001 2.6638224086215 0.99991780885672
7 2.394672287695 1.2028233831065 1.4925008069282
8 3.1543830534328 2.9095894117458 1.0000671362365
9 2.8969352621704 2.0441998505282 1.7087255145458
10 3.5468158713272 2.1179671243065 0.97648458834784
11 0.86711748558128 3.0742095367807 0.49991546381436
12 2.6700057840188 0.98184484708161 1.7106719429279
13 3.0653898795269 3.1711639774977 0.60917150543208
14 3.5114754118229 2.8732955656853 1.930635444246
15 0.66452247364607 1.999263523363 1.1286527244202
16 3.2623846005235 2.5082263125845 2.0818098964306
17 3.2760984555155 2.4463563528238 2.4746190328326
18 3.5090866355809 3.2930797379968 1.0545939648546
19 2.3248643420317 2.915368609355 1.0026423062667
20 3.1273084553493 1.7662014545621 1.7500986608642
21 1.9530694973454 2.1684460417993 1.1330894595714
22 1.2938277524844 3.1847719965021 0.32186314865003
23 2.4872008078861 3.3177408478094 1.3878636827536
24 1.9227832778001 1.6029809210643 1.2154171568772
25 1.8364885927191 1.7001245743446 0.72356183375822
26 2.4658096139732 3.4837393693125 1.6535688601329
27 3.4353257551162 1.9210395132128 0.67467728599271
28 0.8915338997302 2.9227806364666 0.49999391209647
29 3.5219024557787 3.1641566291277 1.7098783815579
30 1.0748569791993 2.2039800121892 1.0915424638525
31 3.0264818513883 2.7382573232493 2.2762346781372
32 3.4464406776849 2.4654415445406 2.3501300565738
33 3.5118574817264 3.1565542860526 1.3487216057697
34 1.2363992043895 2.6604959969932 0.76328036406333
35 1.2753767653657 3.0301769094689 0.50001482570939
36 3.3602091244039 2.4347773152813 0.99999511153939
37 4.0015878276433 3.2722826586267 2.0491475539521
38 3.6195246607548 3.039803619648 1.6520117900404
39 3.1505925983725 2.4018721862111 1.158485987571
40 1.6715973002125 1.8266027756774 0.73930399455072
41 1.4182381993955 3.2320418788464 0
42 2.3870809418392 1.5688445956533 1.0495287870134
43 2.5635161468814 2.9049526165908 0.9999932028047
44 3.7359743368512 3.1275175658747 1.9027438585071
45 2.2502217026352 1.9720424398076 0.56908644125795
46 3.7577295570133 2.3088926267507 1.0000239819433
47 2.1015766291142 2.4882969172239 1.0938067104342
48 1.3309080347407 2.0559987544568 1.1324411434898
49 2.3495945917799 3.4845664272925 1.5000231347232
50 3.3086676026643 2.128371550515 0.86433739003633
51 2.2318667753817 3.040958914521 0.93474563802025
52 1.3777696824055 2.8785407428142 0.50005494400851
53 1.0793985891785 3.2220399109454 0.50002661426895
54 0.9478023626957 2.7757673067434 0.49999555775251
55 1.2482392892362 2.7731118034617 0.4999831554346
56 1.0600160929391 3.0236609671877 0.37569903673549
57 3.4631013680812 2.826072445584 0.99990809625665
58 3.065578102019 1.6473158538719 1.9671156330329
59 2.1426520704494 1.1368970309789 1.3789899176172
60 2.9553955102381 2.4548880968186 1.8755867820289
61 1.0583284484833 2.3943323313885 1.0313468820648
62 2.064658985169 2.3001236402733 1.2245109600146
63 3.1137719646013 1.9462081424377 1.4999297382743
64 3.0203013063562 3.4287449731874 0.35601013624601
65 2.1490347954607 1.7951392216423 1.4399849181006
66 3.4477749701673 3.8248672474941 0.39847440345633
67 3.1934658651312 3.4368894303655 0.23052792654909
68 3.0879985467249 3.710657223614 0.36751242806788
69 2.1284497933173 1.8968291174002 1.0108095419619
70 0.88835555017885 2.2926065023423 1.5000313075345
71 1.5606634776016 3.0865854208932 0
72 0.52073793661494 2.4783337275716 0.81471912557653
73 1.1240572792749 1.9592182589446 0.93477113455824
74 2.5024363097105 2.4313408473419 1.8937292914396
75 2.8739006206127 3.5341051367538 0.99999178539113
76 3.2455548804307 3.6254726690706 0.24304438985348
77 2.6238778952711 1.4565954324296 0.78654595553216
78 2.5969467730864 1.8960187347761 1.8342626587711
79 1.8651122876899 2.500316658406 1.3181283773604
80 2.533672230687 1.9105466700677 1.2960680972715
81 2.9035797398737 1.6954190861178 1.8585560974782
82 1.702411287551 2.3872105938816 1.0630764765416
83 2.2716713128032 2.2996458674719 0.9999097585491
84 2.3779062442133 1.7609849591628 1.0390815491669
85 0.29321694091653 1.9102240104605 1.0890124956638
86 3.3703349515285 3.3201690514804 0.40702763819079
87 3.3753032055951 3.5546427873296 0.29509242550937
88 2.2593458769306 2.5790022765044 2.0830064893927
89 2.7486744077186 1.896017916455 2.0000592785325
90 2.5995519644148 1.3798286051705 1.0000385711817
91 2.40920461443 3.2130919544033 1.0000188918762
92 2.4130204725008 1.3882679270301 0.92682968377636
93 3.6885931840601 1.943018174549 0.77160424074363
94 1.605927883648 2.6514156637312 1.0000677000108
