0 2.9999195501616 2.1686509411132 1.0000090825515
1 1.8056911315209 3.2640048070066 1.6129189056431
2 2.3643823898151 2.7590681702104 0.49999211409228
3 3.7113439497285 2.9999674946881 1.9082971049659
4 1.9648878149763 3.6915543366021 1.4589401439332
5 2.6072111732235 2.9463775132906 0.44547625375312
6 2.5258762971433 2.5032856645567 0.47401305110758
7 1.9999993340661 3.9999060770568 1.4982041730176
8 2.499992491082 1.499995609799 1.9276087828575
9 2.040761976575 2.4960532059036 1.4999213847911
10 3.0000672710457 1.9999252995478 2.2578228662644
11 1.9408252224558 3.2089916837131 1.4289955698634
12 2.259945375514 1.5068141646775 1.9797345057521
13 2.4964975436839 2.7610833801368 0.65172502519509
14 3.5388374105793 2.9999350054083 1.7035177240987
15 2.590415970233 3.4999100183767 0.20087232945948
16 3.464087113716 3.0897554186073 1.7958937970137
17 2.9250450345563 2.8690062065588 0.085564628008623
18 2.5190168368671 3.5000014777996 0.098862578122272
19 1.8745062166513 3.359835030646 1.6519578925031
20 2.5924788433335 2.0788985650808 2.0000740813842
21 2.1647752357292 1.6868086512505 1.9382453999075
22 2.4999951309533 3.3981120008679 0
23 3.5000007145602 3.2644954459136 1.000067411183
24 1.5000008091401 2.3525012715003 0.54599634776774
25 3.5000673019359 3.3115798148805 0.69677287855123
26 1.4999354619496 3.5309283880561 1.2796097427638
27 3.5970990729731 2.9075946808398 0.84168465050201
28 2.4600387283489 1.5188588445227 1.8145745993813
29 1.8366337543298 3.3693558116551 1.4089292996975
30 2.1165755056536 2.500061949829 0
31 2.5000418928028 2.120888999901 1.3864520797038
32 2.4999904873593 2.1816992337454 2.0000667295766
33 2.6102609917409 2.5335502302112 0.49992882964554
34 2.2128258717766 1.7910744696977 2.0000514905485
35 3.3793190093091 3.5000370776227 1.973222779418
36 2.999987063873 2.0012876137681 1.0000550810849
37 2.1005938271792 2.3615599702303 0
38 2.2175280835309 2.0873382248341 2.0000149107101
39 3.4999832656288 3.3588783657391 1.8965383999092
40 1.880544362453 3.3044641450325 1.1924671866617
41 2.9999368609676 2.99996491593 0.49999254554969
42 2.7370497044445 2.4617122412811 0.27846440018377
43 2.6448114008141 1.9839885569621 1.4999112109634
44 1.9999382168325 2.4999914543818 0
45 4.0000029653043 2.8336562666975 1.9998550578854
46 2.0000275496525 3.3591661033989 1.2284230921067
47 2.5000896733016 2.4875649169022 1.323060410862
48 1.9702475784611 3.3088883912562 1.4262727533688
49 1.5000487523709 3.5394145617632 1.4396118170218
50 1.9999940753296 3.2419965218732 1.2480901231665
51 2.999987821653 3.1858038112935 0.9042216309564
52 2.9999978732484 2.5126949520808 0.27102514647321
53 1.5303867297554 2.0669424790073 0.49994757322151
54 2.5248652166828 2.5932001736298 0.41976294480616
55 3.1313350302377 3.0412452614772 1.913410011065
56 2.8082625068578 2.8141234445232 0.36381779154353
57 2.0000026515117 3.2463735006408 1.6388769245474
58 2.4097493747928 3.4999726320725 0.12348017099807
59 2.3886230403938 2.9999618935855 0.91781586531321
60 2.9134182791702 2.1385106832861 0
61 2.6312092742983 2.7086930887081 0.32270903959168
62 2.6711877133393 3.000010223237 0.51580190604094
63 3.7302365897867 2.9212061496123 0.97934100814177
64 2.3027944267838 2.0247260908225 1.0000688204306
65 2.1212917523921 2.6324784853451 0.52685545748939
66 2.8048272631045 2.0000638672552 0.99999604622546
67 2.3319246223889 1.73436899213 2.000032221963
68 2.4999947089028 2.4865814777725 1.4476931264487
69 3.3217313029565 3.2387407966156 1.5451849834514
70 3.3361204424073 2.9999944504227 0.9180501794262
71 3.3099201674791 3.152480819378 1.8987013311525
72 2.728637052447 2.7521141622829 0.60679042411076
73 3.0317174782858 1.6832243132029 2.0076907821678
74 3.5000427365799 3.0000104649512 0.53158855838124
75 2.5000147898672 2.9999574345214 0.94609686809678
76 1.7601723722438 2.3584292144422 0.45474962851649
77 3.4999840621187 2.7191477735935 0.9999172770694
78 2.0852248038934 1.284274075448 2.1469467291303
79 2.251265474953 3.0000989832917 0.76656091961383
80 2.6668694444347 2.2028313810571 1.1453826281137
81 2.4636688074242 1.8899273850375 1.7865553096392
82 2.5596507640119 2.0000247709772 1.0000387226268
83 1.8607927412918 3.1898242294531 1.2410451609257
84 3.9999801304222 2.8355564304288 1.0000045279318
85 2.1278940232426 1.2054679868181 2.0001728250694
86 3.0000289511375 3.5000113700296 1.0000660840044
87 2.967920178634 2.4999218840469 1.0183748473079
88 2.4706868140885 2.4999186839311 0.63050097689602
89 3.1630456802001 2.0000000697761 2.0000112366284
90 4.000071808622 3.0175259821278 2.000013064912
91 2.6208401161432 2.4446936390682 1.4464303801503
92 2.9999332433739 1.782899138683 1.0000098850263
93 3.0000714707373 2.2503147335524 0
94 2.2709016008511 1.4999914008052 0.90314027302264
95 2.1384883718816 1.5000130728364 1.000014569336
96 2.8835075894392 3.0000082803162 1.7744692171637
97 1.5000022790664 2.3988511593622 0.37490293289684
98 1.4999956557581 2.4999884750114 0.49997746484397
99 1.9942966865063 3.3660450157809 1.6205536739678
100 2.3966010482997 2.2728508183209 1.4883923412771
101 2.6745096410005 2.1229439620792 0
102 2.4053543725034 1.70340262639 1.0000164125193
103 2.0737850087531 3.1109473606898 1.1436237633444
104 3.0000090811043 3.5047925477794 0.89162221129477
105 2.9002167132613 3.5000352973113 1.0000310299395
106 2.9999289499149 2.5795472923444 0.13143348113035
107 3.0277094927107 2.0766306308771 1.419220795045
108 2.9999414143196 2.2745009289846 1.3923299051933
109 1.8955250247377 3.1866670422061 1.6355373270536
110 3.3896627434988 3.0479527908184 1.4972931467201
111 2.4355793506529 1.4637579430336 0.95949054663841
112 2.9999881773948 2.0829319648268 1.1223195164924
113 2.0000225412655 2.9999351932119 1.3823065408305
114 3.1098457944695 3.0957377712322 2.1407448444911
115 3.0293780969179 3.7002174210762 1.0000410878673
116 3.1645216194667 2.9999330305883 2.0627932725031
117 3.0380095706013 3.0000809440432 2.0902777385431
118 3.6385588350509 3.5000964296478 0.51386670372163
119 1.9999979510389 2.3311539032327 0.46555562693652
120 2.9118993129901 3.7071531164112 1.0000028370801
121 3.5000436899629 3.4481940233993 2.0388174046508
122 3.0000406036308 3.0140861726868 1.9644643186868
123 2.2234356749677 2.0730798565152 1.6411853468114
124 3.0926489026102 3.1812132976253 2.0550082501241
125 3.0009438691059 3.1460320498015 2.0007647985236
126 2.7026825390126 2.893868209884 0
127 1.9999798482405 2.4999678596238 0.11520320814587
128 2.9999352554389 2.8676946872581 0.50003655540158
129 3.0000116623351 2.1390719660458 0.13375957293979
130 2.0000009791723 1.3145479829693 2.0000115411701
131 2.3566838387186 2.3353008946494 1.2281320252975
132 4.2061953582584 3.1313000813556 2.0821765535351
133 2.4999924151553 1.5908817253936 1.9999336216009
134 1.9999042898183 2.3617875249315 0.077212483382179
135 3.1442328930882 1.5000869795935 0.98158106825323
136 1.9999880397006 3.0311164960519 0.53526339683809
137 2.5609688132827 3.1863853678641 0.32626649638949
138 3.6203882774393 2.9999522866807 0.26227866456443
139 2.4292048929986 1.9999820541086 1.0000408256546
140 2.752900934809 1.8637501433628 0.99994131957008
141 2.3911077808786 3.4999015256959 0.257433293285
142 3.3682061653604 1.9999481911846 1.5000044710396
143 2.5001606606215 3.5000245267485 0.29562335751897
144 2.9097616726552 1.9089659105729 2.0000139519271
145 2.2843952006764 2.5193991589725 0.34214133616678
146 3.4999857408421 2.9999920971644 1.0000506339038
